iters pop mut scross cross algo min_time max_time avg_time min_res max_res avg_res
10 10 0.001 0.1 0.001 0 0.0087805 0.0330802 0.010205892 550 2050 1151.5
10 10 0.001 0.1 0.001 1 0.0084166 0.0129878 0.00862587 650 2950 1587.5
10 10 0.001 0.1 0.005 0 0.0087831 0.0099125 0.008976401 450 2050 1224.5
10 10 0.001 0.1 0.005 1 0.0084085 0.0091132 0.008575742 750 3000 1683.5
10 10 0.001 0.1 0.01 0 0.0087784 0.0096264 0.008951805 500 1950 1126
10 10 0.001 0.1 0.01 1 0.0084234 0.0094712 0.008590474 600 3350 1687
10 10 0.001 0.1 0.05 0 0.0087822 0.0094973 0.008952541 450 2150 1224
10 10 0.001 0.1 0.05 1 0.0084157 0.0093933 0.008579702 600 3050 1605.5
10 10 0.001 0.1 0.1 0 0.0087852 0.009558 0.008950486 450 2350 1165
10 10 0.001 0.1 0.1 1 0.0084114 0.0092556 0.008602447 650 3050 1617.5
10 10 0.005 0.1 0.001 0 0.0087792 0.0103025 0.009000675 450 2250 1095.5
10 10 0.005 0.1 0.001 1 0.008417 0.0092843 0.008606478 650 2700 1577.5
10 10 0.005 0.1 0.005 0 0.0087767 0.009806 0.008982254 550 2250 1154
10 10 0.005 0.1 0.005 1 0.0084226 0.0094002 0.008596194 750 3200 1642.5
10 10 0.005 0.1 0.01 0 0.0087809 0.0096841 0.008982034 250 1900 1143
10 10 0.005 0.1 0.01 1 0.0084234 0.0092492 0.008603589 550 3200 1531
10 10 0.005 0.1 0.05 0 0.0087754 0.010211 0.008961829 600 2200 1213
10 10 0.005 0.1 0.05 1 0.0084106 0.0092505 0.00857094400000001 400 2850 1545
10 10 0.005 0.1 0.1 0 0.0087844 0.0096457 0.008954433 500 2100 1132.5
10 10 0.005 0.1 0.1 1 0.0084307 0.009363 0.008588665 550 3100 1601
10 10 0.01 0.1 0.001 0 0.0087826 0.0095139 0.008948763 500 2850 1207
10 10 0.01 0.1 0.001 1 0.0084482 0.0099497 0.008979553 650 3400 1614.5
10 10 0.01 0.1 0.005 0 0.0090687 0.0105711 0.009429995 300 2250 1160
10 10 0.01 0.1 0.005 1 0.0084516 0.0097226 0.00893343999999999 650 3150 1480
10 10 0.01 0.1 0.01 0 0.0087745 0.0097008 0.008990398 400 2450 1151.5
10 10 0.01 0.1 0.01 1 0.0084315 0.0091243 0.008595472 750 3450 1643
10 10 0.01 0.1 0.05 0 0.0087797 0.0099052 0.009023694 500 2000 1160.5
10 10 0.01 0.1 0.05 1 0.0084401 0.0101635 0.008970762 600 2700 1498.5
10 10 0.01 0.1 0.1 0 0.0087865 0.0096285 0.008955718 500 2400 1171.5
10 10 0.01 0.1 0.1 1 0.008426 0.0090623 0.008590936 550 3700 1551.5
10 10 0.05 0.1 0.001 0 0.0087732 0.0110826 0.008972173 500 2150 1192
10 10 0.05 0.1 0.001 1 0.0084401 0.0097325 0.008900838 700 3450 1516
10 10 0.05 0.1 0.005 0 0.0089306 0.0100113 0.009381823 300 2600 1162
10 10 0.05 0.1 0.005 1 0.0084256 0.0097727 0.008700438 650 2650 1459.5
10 10 0.05 0.1 0.01 0 0.0087758 0.0101079 0.009141722 500 2300 1203
10 10 0.05 0.1 0.01 1 0.0085842 0.0098419 0.009008813 500 3050 1430.5
10 10 0.05 0.1 0.05 0 0.0089845 0.0102213 0.00934822 500 2200 1128.5
10 10 0.05 0.1 0.05 1 0.0084123 0.0096636 0.008762496 400 2600 1396.5
10 10 0.05 0.1 0.1 0 0.0087647 0.0094515 0.00893973699999999 400 2200 1240
10 10 0.05 0.1 0.1 1 0.0084315 0.0091876 0.008582722 650 3150 1432.5
10 10 0.1 0.1 0.001 0 0.0087908 0.0096662 0.008954355 550 2200 1217.5
10 10 0.1 0.1 0.001 1 0.0084328 0.0091072 0.008592298 400 2300 1413.5
10 10 0.1 0.1 0.005 0 0.0087886 0.0099784 0.00896267 550 2900 1140.5
10 10 0.1 0.1 0.005 1 0.0084358 0.009138 0.008590208 600 3100 1505.5
10 10 0.1 0.1 0.01 0 0.0087985 0.0097684 0.008967856 550 2000 1171
10 10 0.1 0.1 0.01 1 0.008432 0.0091004 0.008596741 500 2800 1443.5
10 10 0.1 0.1 0.05 0 0.0087976 0.0095734 0.008966694 450 2200 1148.5
10 10 0.1 0.1 0.05 1 0.008429 0.0090807 0.008589298 400 2500 1430
10 10 0.1 0.1 0.1 0 0.0088027 0.0101935 0.008972155 450 1900 1159
10 10 0.1 0.1 0.1 1 0.0084333 0.0091624 0.008593472 650 2750 1448
10 20 0.001 0.1 0.001 0 0.0090268 0.0104873 0.009360992 350 1500 877.5
10 20 0.001 0.1 0.001 1 0.0090405 0.009945 0.009324968 500 2050 1226.5
10 20 0.001 0.1 0.005 0 0.0091996 0.0108067 0.009664171 350 1350 882
10 20 0.001 0.1 0.005 1 0.0088904 0.010344 0.009337685 500 2150 1243
10 20 0.001 0.1 0.01 0 0.0090149 0.0105553 0.009362222 300 1550 873.5
10 20 0.001 0.1 0.01 1 0.0087382 0.0109551 0.008985074 650 2150 1293.5
10 20 0.001 0.1 0.05 0 0.0090256 0.0097483 0.009211729 300 1500 843
10 20 0.001 0.1 0.05 1 0.0087621 0.0111587 0.009301589 550 2050 1224
10 20 0.001 0.1 0.1 0 0.0090273 0.0104201 0.009422492 250 1550 880.5
10 20 0.001 0.1 0.1 1 0.0087339 0.0101191 0.009076541 600 2150 1243.5
10 20 0.005 0.1 0.001 0 0.0090127 0.0158278 0.009544911 300 1450 817.5
10 20 0.005 0.1 0.001 1 0.0087442 0.0176847 0.01071171 450 2150 1262
10 20 0.005 0.1 0.005 0 0.0122013 0.023464 0.015296909 350 1650 850.5
10 20 0.005 0.1 0.005 1 0.0121739 0.0209763 0.013241565 400 2050 1243
10 20 0.005 0.1 0.01 0 0.0125939 0.0147728 0.013016396 300 1400 832.5
10 20 0.005 0.1 0.01 1 0.0087429 0.0129775 0.011693521 600 2050 1289.5
10 20 0.005 0.1 0.05 0 0.0090294 0.0107152 0.009361879 350 1650 815
10 20 0.005 0.1 0.05 1 0.0087395 0.0119122 0.009050482 550 2100 1252.5
10 20 0.005 0.1 0.1 0 0.0090388 0.015023 0.009640038 300 1300 828.5
10 20 0.005 0.1 0.1 1 0.0087801 0.0166946 0.010003881 600 2300 1233
10 20 0.01 0.1 0.001 0 0.0092176 0.0214313 0.01297303 350 1650 855
10 20 0.01 0.1 0.001 1 0.0116898 0.0211649 0.0128303 650 2000 1235.5
10 20 0.01 0.1 0.005 0 0.0090619 0.01374 0.010851143 300 1500 838
10 20 0.01 0.1 0.005 1 0.0087664 0.013731 0.009209586 600 2600 1216.5
10 20 0.01 0.1 0.01 0 0.0090739 0.0177043 0.012313381 400 1300 887.5
10 20 0.01 0.1 0.01 1 0.011751 0.0156777 0.012644764 450 2200 1213
10 20 0.01 0.1 0.05 0 0.0090961 0.0144033 0.012204323 450 1250 841.5
10 20 0.01 0.1 0.05 1 0.0087869 0.0108623 0.009458513 400 2400 1240.5
10 20 0.01 0.1 0.1 0 0.0090529 0.0134103 0.010917552 400 1350 807
10 20 0.01 0.1 0.1 1 0.0117394 0.0169324 0.012286762 350 1850 1173.5
10 20 0.05 0.1 0.001 0 0.0093176 0.0189462 0.012570502 400 1500 867
10 20 0.05 0.1 0.001 1 0.0088887 0.0202395 0.014187857 400 1800 1186
10 20 0.05 0.1 0.005 0 0.0125191 0.0216883 0.015866342 300 3400 864.5
10 20 0.05 0.1 0.005 1 0.0127175 0.0185682 0.015447035 500 1950 1154
10 20 0.05 0.1 0.01 0 0.0092197 0.0266542 0.015872203 450 1800 905
10 20 0.05 0.1 0.01 1 0.0123912 0.0220997 0.016395523 500 1800 1137.5
10 20 0.05 0.1 0.05 0 0.013291 0.033542 0.015539068 150 1350 895
10 20 0.05 0.1 0.05 1 0.0128261 0.0218936 0.014041166 300 2150 1175
10 20 0.05 0.1 0.1 0 0.012632 0.0185532 0.013887101 350 1700 811.5
10 20 0.05 0.1 0.1 1 0.0116804 0.017609 0.012628467 600 1900 1154
10 20 0.1 0.1 0.001 0 0.0090563 0.0138285 0.009704186 350 1500 867
10 20 0.1 0.1 0.001 1 0.0087677 0.0185549 0.011580682 400 1700 1067
10 20 0.1 0.1 0.005 0 0.0121889 0.0199867 0.013119956 300 1600 893
10 20 0.1 0.1 0.005 1 0.0087788 0.0134868 0.010587559 400 2000 1157
10 20 0.1 0.1 0.01 0 0.0090499 0.0109615 0.009294768 300 1550 818.5
10 20 0.1 0.1 0.01 1 0.0087523 0.010539 0.009245542 300 1850 1070
10 20 0.1 0.1 0.05 0 0.0091624 0.0103166 0.009675829 250 1550 860
10 20 0.1 0.1 0.05 1 0.0088823 0.0100468 0.009363023 500 1950 1119
10 20 0.1 0.1 0.1 0 0.0091911 0.0110886 0.009687594 200 1300 871
10 20 0.1 0.1 0.1 1 0.0088742 0.0101126 0.009370362 450 1800 1101.5
10 50 0.001 0.1 0.001 0 0.0097671 0.0109872 0.010234309 350 1150 720
10 50 0.001 0.1 0.001 1 0.0096106 0.0108687 0.01009172 450 1550 1047
10 50 0.001 0.1 0.005 0 0.0097615 0.0110898 0.010291689 300 1150 685.5
10 50 0.001 0.1 0.005 1 0.0095862 0.0106814 0.010120834 300 1750 1038
10 50 0.001 0.1 0.01 0 0.0096217 0.0132777 0.010252068 200 1050 635.5
10 50 0.001 0.1 0.01 1 0.0094819 0.0123309 0.01021829 400 1650 1022
10 50 0.001 0.1 0.05 0 0.0095978 0.0124686 0.010023009 250 1100 671
10 50 0.001 0.1 0.05 1 0.0094583 0.0102747 0.009664508 400 1650 1030.5
10 50 0.001 0.1 0.1 0 0.0095995 0.0106446 0.009804217 300 1050 682
10 50 0.001 0.1 0.1 1 0.0094729 0.0103662 0.009671036 550 1550 1035
10 50 0.005 0.1 0.001 0 0.0096179 0.010885 0.010003778 350 950 639
10 50 0.005 0.1 0.001 1 0.0094669 0.0106417 0.009783098 300 1650 995
10 50 0.005 0.1 0.005 0 0.0095841 0.0104283 0.00981807499999999 150 1150 674.5
10 50 0.005 0.1 0.005 1 0.0094476 0.0111523 0.009730255 550 1700 1040.5
10 50 0.005 0.1 0.01 0 0.009599 0.014922 0.010211589 300 1050 666
10 50 0.005 0.1 0.01 1 0.0094682 0.0108503 0.009803868 500 1500 976.5
10 50 0.005 0.1 0.05 0 0.0098445 0.0110791 0.010283489 100 1100 662.5
10 50 0.005 0.1 0.05 1 0.0095054 0.0119276 0.010231021 150 1600 995.5
10 50 0.005 0.1 0.1 0 0.009611 0.0130378 0.010106552 300 1000 689.5
10 50 0.005 0.1 0.1 1 0.0094776 0.01077 0.009802707 400 1450 964
10 50 0.01 0.1 0.001 0 0.0096871 0.0219484 0.014051625 350 1000 688
10 50 0.01 0.1 0.001 1 0.012747 0.0218363 0.014233404 350 1600 1001
10 50 0.01 0.1 0.005 0 0.0097196 0.0199688 0.013180778 150 1150 659.5
10 50 0.01 0.1 0.005 1 0.0126461 0.0163692 0.013164274 500 1550 1005.5
10 50 0.01 0.1 0.01 0 0.0096093 0.0154125 0.01141446 300 1900 694
10 50 0.01 0.1 0.01 1 0.0094361 0.0128154 0.00975756 400 1550 1003.5
10 50 0.01 0.1 0.05 0 0.0095901 0.0109906 0.009844149 300 1100 676
10 50 0.01 0.1 0.05 1 0.0094733 0.0119152 0.00979329 450 1600 996
10 50 0.01 0.1 0.1 0 0.0095828 0.012933 0.009873649 300 1100 685
10 50 0.01 0.1 0.1 1 0.0094981 0.0135796 0.010618623 350 1400 967
10 50 0.05 0.1 0.001 0 0.0128616 0.0154228 0.013222193 300 1000 657.5
10 50 0.05 0.1 0.001 1 0.0095178 0.0205012 0.012845711 400 1550 896
10 50 0.05 0.1 0.005 0 0.0096226 0.0114375 0.009890035 300 950 639.5
10 50 0.05 0.1 0.005 1 0.0095037 0.0115603 0.009756175 550 1350 939
10 50 0.05 0.1 0.01 0 0.0096191 0.0119383 0.009867559 350 1250 669.5
10 50 0.05 0.1 0.01 1 0.0095058 0.0102007 0.009680936 350 1500 905.5
10 50 0.05 0.1 0.05 0 0.0096076 0.0106639 0.009890292 300 1150 664
10 50 0.05 0.1 0.05 1 0.0094968 0.0100665 0.00967230999999999 350 1350 888
10 50 0.05 0.1 0.1 0 0.0097466 0.0111018 0.010301244 300 1200 701.5
10 50 0.05 0.1 0.1 1 0.0094973 0.0125049 0.009813618 450 1550 907
10 50 0.1 0.1 0.001 0 0.0096559 0.0104129 0.009866831 300 1850 684.5
10 50 0.1 0.1 0.001 1 0.0095251 0.0104 0.009722849 500 1450 898
10 50 0.1 0.1 0.005 0 0.0096572 0.010557 0.00985601 100 1000 650
10 50 0.1 0.1 0.005 1 0.0095353 0.0103851 0.009738962 350 1500 899.5
10 50 0.1 0.1 0.01 0 0.00967 0.0121547 0.010244993 200 2450 738
10 50 0.1 0.1 0.01 1 0.0095152 0.0108781 0.00991277 450 1400 926.5
10 50 0.1 0.1 0.05 0 0.0098052 0.0110496 0.010320927 300 1650 670
10 50 0.1 0.1 0.05 1 0.009534 0.0110218 0.009881342 250 1450 896
10 50 0.1 0.1 0.1 0 0.0097008 0.0160472 0.011503169 300 2350 703
10 50 0.1 0.1 0.1 1 0.012744 0.0201779 0.013386641 350 1550 909
10 100 0.001 0.1 0.001 0 0.0106156 0.0160947 0.012620859 250 900 574
10 100 0.001 0.1 0.001 1 0.0107627 0.0116261 0.011007151 500 1500 889
10 100 0.001 0.1 0.005 0 0.0105933 0.0112998 0.010837855 300 850 589
10 100 0.001 0.1 0.005 1 0.0107507 0.0149101 0.011098335 450 1300 910.5
10 100 0.001 0.1 0.01 0 0.0143233 0.0151906 0.014614857 200 900 555.5
10 100 0.001 0.1 0.01 1 0.0145487 0.0160326 0.014831852 250 1450 877
10 100 0.001 0.1 0.05 0 0.0105972 0.0153339 0.011472672 300 1000 568.5
10 100 0.001 0.1 0.05 1 0.0107952 0.0127158 0.011036704 250 1450 880
10 100 0.001 0.1 0.1 0 0.010616 0.012262 0.01101014 200 850 574
10 100 0.001 0.1 0.1 1 0.0107819 0.0119511 0.011315458 400 1250 827
10 100 0.005 0.1 0.001 0 0.0106194 0.0113434 0.010845635 250 1050 596
10 100 0.005 0.1 0.001 1 0.0107759 0.0115538 0.011009976 350 1350 858
10 100 0.005 0.1 0.005 0 0.0106049 0.0113011 0.010843828 300 1000 572
10 100 0.005 0.1 0.005 1 0.0107888 0.012209 0.011111149 500 1400 833.5
10 100 0.005 0.1 0.01 0 0.0108444 0.0120401 0.011379314 300 900 574
10 100 0.005 0.1 0.01 1 0.0109752 0.0123967 0.011534385 350 1350 885
10 100 0.005 0.1 0.05 0 0.0107977 0.0121124 0.011329135 250 2300 583
10 100 0.005 0.1 0.05 1 0.0110124 0.0152107 0.012397414 400 1550 844.5
10 100 0.005 0.1 0.1 0 0.0141843 0.0158825 0.014633388 350 900 595.5
10 100 0.005 0.1 0.1 1 0.0108136 0.0159505 0.014447317 300 1350 837
10 100 0.01 0.1 0.001 0 0.0106194 0.0114033 0.010865457 200 1100 573
10 100 0.01 0.1 0.001 1 0.0107824 0.0113349 0.010987207 350 1450 856
10 100 0.01 0.1 0.005 0 0.0106485 0.0123835 0.011069692 150 1150 567
10 100 0.01 0.1 0.005 1 0.010796 0.012209 0.011255182 400 1200 836
10 100 0.01 0.1 0.01 0 0.0106233 0.0127042 0.010898705 100 800 566.5
10 100 0.01 0.1 0.01 1 0.0108285 0.0171723 0.012348733 400 1250 832.5
10 100 0.01 0.1 0.05 0 0.0141963 0.0183907 0.014622081 250 950 579
10 100 0.01 0.1 0.05 1 0.0109774 0.0198627 0.013788879 350 1400 813
10 100 0.01 0.1 0.1 0 0.0142878 0.0272709 0.016578559 300 1400 578.5
10 100 0.01 0.1 0.1 1 0.011083 0.0232206 0.013902754 300 1150 786
10 100 0.05 0.1 0.001 0 0.0109038 0.0218286 0.015743474 300 1300 586
10 100 0.05 0.1 0.001 1 0.0144674 0.0270139 0.016603729 250 1150 722
10 100 0.05 0.1 0.005 0 0.0107109 0.0244608 0.012543254 300 850 602
10 100 0.05 0.1 0.005 1 0.0109504 0.0244852 0.016777343 350 1150 744.5
10 100 0.05 0.1 0.01 0 0.0151628 0.02107 0.017077872 250 1200 587.5
10 100 0.05 0.1 0.01 1 0.0150901 0.0210836 0.017011049 350 1150 740.5
10 100 0.05 0.1 0.05 0 0.0107422 0.0184318 0.014371208 200 2000 574.5
10 100 0.05 0.1 0.05 1 0.0109923 0.0189907 0.014379983 400 1250 777
10 100 0.05 0.1 0.1 0 0.0148831 0.0190574 0.016293872 300 1550 595
10 100 0.05 0.1 0.1 1 0.0112233 0.0202758 0.015852234 350 1150 773.5
10 100 0.1 0.1 0.001 0 0.014789 0.0207398 0.016075415 150 950 570
10 100 0.1 0.1 0.001 1 0.0111236 0.020266 0.015186325 300 1250 759.5
10 100 0.1 0.1 0.005 0 0.0147574 0.0199311 0.01625689 250 1350 576.5
10 100 0.1 0.1 0.005 1 0.0109675 0.0179913 0.014269662 350 1200 746
10 100 0.1 0.1 0.01 0 0.0147745 0.0228644 0.016318145 350 2200 628.5
10 100 0.1 0.1 0.01 1 0.0109517 0.0181307 0.013567898 450 1250 774.5
10 100 0.1 0.1 0.05 0 0.0146351 0.0243975 0.016368848 200 1250 573
10 100 0.1 0.1 0.05 1 0.0110077 0.0214544 0.015618538 350 1250 742
10 100 0.1 0.1 0.1 0 0.0108025 0.0144272 0.012231765 300 1000 573.5
10 100 0.1 0.1 0.1 1 0.0114794 0.0200778 0.016154314 250 1200 759
100 10 0.001 0.1 0.001 0 0.0941079 0.1363967 0.1189596 300 1250 633
100 10 0.001 0.1 0.001 1 0.0896103 0.1297198 0.110621036 400 1450 1015.5
100 10 0.001 0.1 0.005 0 0.0930251 0.1386376 0.119892923 200 1050 587
100 10 0.001 0.1 0.005 1 0.088979 0.1926856 0.125034702 250 1600 976.5
100 10 0.001 0.1 0.01 0 0.0888602 0.1724808 0.107570512 150 1200 628.5
100 10 0.001 0.1 0.01 1 0.0852623 0.1453719 0.118163246 400 1700 974
100 10 0.001 0.1 0.05 0 0.0895051 0.1293306 0.111906971 200 1200 634.5
100 10 0.001 0.1 0.05 1 0.0847573 0.1489577 0.099950636 450 1600 967
100 10 0.001 0.1 0.1 0 0.0887575 0.1499862 0.105203411 250 1000 629
100 10 0.001 0.1 0.1 1 0.0847218 0.090549 0.086686966 350 1500 927
100 10 0.005 0.1 0.001 0 0.088941 0.1747204 0.108229396 300 1100 628.5
100 10 0.005 0.1 0.001 1 0.0850964 0.1637866 0.109145373 200 1800 967.5
100 10 0.005 0.1 0.005 0 0.0888708 0.1860228 0.119105092 150 1100 632
100 10 0.005 0.1 0.005 1 0.0861048 0.1252217 0.107802238 300 1400 998.5
100 10 0.005 0.1 0.01 0 0.0899776 0.1302052 0.113822922 300 1100 638
100 10 0.005 0.1 0.01 1 0.0856686 0.1507098 0.106591927 450 1450 903.5
100 10 0.005 0.1 0.05 0 0.0892934 0.1240235 0.110547747 300 1050 640
100 10 0.005 0.1 0.05 1 0.0855052 0.1213784 0.108032498 400 1600 905
100 10 0.005 0.1 0.1 0 0.0888375 0.1724004 0.102098099 250 1050 612.5
100 10 0.005 0.1 0.1 1 0.0845794 0.1819434 0.11913289 300 1350 889.5
100 10 0.01 0.1 0.001 0 0.0888383 0.1376951 0.09572085 250 1200 620.5
100 10 0.01 0.1 0.001 1 0.0852576 0.1180581 0.095433477 450 1450 935.5
100 10 0.01 0.1 0.005 0 0.0888076 0.1449609 0.107085202 250 1150 640
100 10 0.01 0.1 0.005 1 0.0855159 0.1213412 0.09687245 350 1650 923
100 10 0.01 0.1 0.01 0 0.0889483 0.0977404 0.090825131 250 1000 621.5
100 10 0.01 0.1 0.01 1 0.0846166 0.1154503 0.08849048 450 1700 903.5
100 10 0.01 0.1 0.05 0 0.0890346 0.1257892 0.097762104 150 1150 574
100 10 0.01 0.1 0.05 1 0.0848937 0.1590414 0.117225418 450 1450 929
100 10 0.01 0.1 0.1 0 0.0889423 0.133416 0.103256766 200 1050 621
100 10 0.01 0.1 0.1 1 0.0847628 0.1220306 0.089798085 350 1300 850
100 10 0.05 0.1 0.001 0 0.0887695 0.1215285 0.099329732 200 1150 604
100 10 0.05 0.1 0.001 1 0.0846589 0.0871123 0.085368201 200 1300 789
100 10 0.05 0.1 0.005 0 0.0889153 0.1234735 0.102737019 250 1300 595
100 10 0.05 0.1 0.005 1 0.0844887 0.0859808 0.08534187 200 1350 790
100 10 0.05 0.1 0.01 0 0.0888572 0.0943448 0.0916433979999999 250 2000 633
100 10 0.05 0.1 0.01 1 0.0846687 0.09028 0.086941559 200 1450 835.5
100 10 0.05 0.1 0.05 0 0.0888905 0.0949007 0.091509488 200 1050 613.5
100 10 0.05 0.1 0.05 1 0.0845041 0.0912349 0.086226377 250 1350 778
100 10 0.05 0.1 0.1 0 0.0888148 0.1210389 0.097465771 250 1550 659
100 10 0.05 0.1 0.1 1 0.0847248 0.0897711 0.086732726 200 1350 794
100 10 0.1 0.1 0.001 0 0.08882 0.0940202 0.091355544 150 1650 588
100 10 0.1 0.1 0.001 1 0.0850955 0.129089 0.101575862 250 1200 734
100 10 0.1 0.1 0.005 0 0.0887994 0.1471826 0.100372755 200 1450 580
100 10 0.1 0.1 0.005 1 0.0849335 0.0902423 0.086632632 300 1250 777
100 10 0.1 0.1 0.01 0 0.0888619 0.0905827 0.089388834 200 1200 599
100 10 0.1 0.1 0.01 1 0.0849587 0.0898429 0.086412581 300 1350 755
100 10 0.1 0.1 0.05 0 0.0888037 0.0940968 0.090667106 200 2300 623
100 10 0.1 0.1 0.05 1 0.0847064 0.1276431 0.094354104 250 1350 757.5
100 10 0.1 0.1 0.1 0 0.0888743 0.0945278 0.090576585 150 1200 559.5
100 10 0.1 0.1 0.1 1 0.0847106 0.089476 0.085576533 300 1250 801
100 20 0.001 0.1 0.001 0 0.09085 0.0966481 0.093409026 200 800 445.5
100 20 0.001 0.1 0.001 1 0.0877542 0.0945595 0.089500045 300 1350 824
100 20 0.001 0.1 0.005 0 0.0908483 0.0968354 0.092277267 150 800 428.5
100 20 0.001 0.1 0.005 1 0.0877585 0.0936383 0.08992866 250 1350 821
100 20 0.001 0.1 0.01 0 0.0908996 0.0962222 0.092067399 50 800 418.5
100 20 0.001 0.1 0.01 1 0.0877491 0.0933415 0.090428374 400 1300 838
100 20 0.001 0.1 0.05 0 0.0908132 0.0968778 0.093947795 150 800 433
100 20 0.001 0.1 0.05 1 0.0878274 0.0941139 0.092147781 350 1150 763.5
100 20 0.001 0.1 0.1 0 0.0908363 0.0963625 0.093745489 100 750 449.5
100 20 0.001 0.1 0.1 1 0.0878385 0.0901884 0.088281603 300 1200 771.5
100 20 0.005 0.1 0.001 0 0.0909321 0.092987 0.091382157 150 850 432
100 20 0.005 0.1 0.001 1 0.0877406 0.093407 0.089741775 350 1100 737
100 20 0.005 0.1 0.005 0 0.0908175 0.0961824 0.092815956 150 700 420.5
100 20 0.005 0.1 0.005 1 0.087957 0.0938205 0.091869439 350 1150 788.5
100 20 0.005 0.1 0.01 0 0.0908244 0.0954152 0.091309347 150 900 433
100 20 0.005 0.1 0.01 1 0.0877799 0.093779 0.089859161 450 1150 755
100 20 0.005 0.1 0.05 0 0.09088 0.0966969 0.092521186 100 750 447
100 20 0.005 0.1 0.05 1 0.0877897 0.0958142 0.088359932 200 1100 738.5
100 20 0.005 0.1 0.1 0 0.0909035 0.1994246 0.101695017 200 900 441.5
100 20 0.005 0.1 0.1 1 0.0882084 0.1174081 0.09249911 300 1200 751.5
100 20 0.01 0.1 0.001 0 0.0908889 0.097772 0.092479808 100 1050 447.5
100 20 0.01 0.1 0.001 1 0.0878748 0.0959036 0.089802395 300 1200 724.5
100 20 0.01 0.1 0.005 0 0.0909728 0.0990447 0.093570015 100 900 405.5
100 20 0.01 0.1 0.005 1 0.087933 0.1015803 0.090225345 350 1150 770.5
100 20 0.01 0.1 0.01 0 0.0908697 0.0964672 0.093085154 150 750 433.5
100 20 0.01 0.1 0.01 1 0.0877867 0.1059167 0.090197907 300 1100 714
100 20 0.01 0.1 0.05 0 0.0908765 0.1118704 0.093837775 100 850 453
100 20 0.01 0.1 0.05 1 0.087797 0.0931743 0.089462838 250 1100 692.5
100 20 0.01 0.1 0.1 0 0.0908924 0.0967153 0.09200722 150 700 414.5
100 20 0.01 0.1 0.1 1 0.0878103 0.0936238 0.091119734 250 1250 700
100 20 0.05 0.1 0.001 0 0.0910194 0.0974226 0.092619117 200 1350 467
100 20 0.05 0.1 0.001 1 0.0879647 0.0961204 0.088996395 200 1000 632.5
100 20 0.05 0.1 0.005 0 0.0902804 1764.8331145 17.759240832 150 750 413
100 20 0.05 0.1 0.005 1 0.0879185 0.2100616 0.12336291 300 1050 641
100 20 0.05 0.1 0.01 0 0.0911909 0.1537415 0.114575872 150 1550 438
100 20 0.05 0.1 0.01 1 0.0881182 0.1362128 0.105623471 250 1100 622
100 20 0.05 0.1 0.05 0 0.0910031 0.1274395 0.0969552419999999 100 2150 424
100 20 0.05 0.1 0.05 1 0.0880279 0.094258 0.08968127 150 1100 653.5
100 20 0.05 0.1 0.1 0 0.0910164 0.1255651 0.0995022019999999 100 1800 423
100 20 0.05 0.1 0.1 1 0.0880207 0.1226366 0.097861824 300 1050 653
100 20 0.1 0.1 0.001 0 0.0910959 0.1257529 0.101197027 100 750 410.5
100 20 0.1 0.1 0.001 1 0.0881096 0.0909022 0.08938725 150 1100 593.5
100 20 0.1 0.1 0.005 0 0.0916651 0.1254454 0.100030582 100 1700 441
100 20 0.1 0.1 0.005 1 0.0879873 0.0935211 0.089305327 100 1100 584
100 20 0.1 0.1 0.01 0 0.0910313 0.0933253 0.091704398 150 750 390.5
100 20 0.1 0.1 0.01 1 0.0880173 0.1190456 0.0963659639999999 200 1000 623
100 20 0.1 0.1 0.05 0 0.0910993 0.0970232 0.092723085 150 1300 425
100 20 0.1 0.1 0.05 1 0.0880451 0.1194292 0.095641056 200 1000 583
100 20 0.1 0.1 0.1 0 0.0912127 0.0963838 0.092118436 50 950 414.5
100 20 0.1 0.1 0.1 1 0.088054 0.1263302 0.10266729 250 1100 645
100 50 0.001 0.1 0.001 0 0.0956376 0.1373363 0.101162757 100 550 263
100 50 0.001 0.1 0.001 1 0.0940459 0.1001275 0.09739705 300 1000 667
100 50 0.001 0.1 0.005 0 0.0957479 0.1016136 0.098461739 50 450 250.5
100 50 0.001 0.1 0.005 1 0.0940814 0.0962376 0.094912853 200 1100 725.5
100 50 0.001 0.1 0.01 0 0.0955687 0.1013553 0.097620542 50 550 282.5
100 50 0.001 0.1 0.01 1 0.0940732 0.1001061 0.096299207 300 1000 677
100 50 0.001 0.1 0.05 0 0.0960486 0.1309681 0.105922404 50 500 282
100 50 0.001 0.1 0.05 1 0.0941211 0.1000916 0.096318044 250 1000 623
100 50 0.001 0.1 0.1 0 0.0955858 0.1018146 0.098187031 50 550 285.5
100 50 0.001 0.1 0.1 1 0.0941276 0.1291177 0.103704816 250 1050 644
100 50 0.005 0.1 0.001 0 0.0956479 0.1018061 0.099023948 100 450 273.5
100 50 0.005 0.1 0.001 1 0.0947532 0.128368 0.104649424 300 950 634
100 50 0.005 0.1 0.005 0 0.0957514 0.1352271 0.113639936 50 600 263.5
100 50 0.005 0.1 0.005 1 0.0942597 0.1420152 0.120648484 250 1150 645.5
100 50 0.005 0.1 0.01 0 0.0957407 0.1357074 0.117930864 100 600 288.5
100 50 0.005 0.1 0.01 1 0.0942349 0.1323986 0.110448475 250 1000 623
100 50 0.005 0.1 0.05 0 0.0958309 0.1341823 0.110896818 50 550 258
100 50 0.005 0.1 0.05 1 0.0948041 0.1327788 0.109671492 300 1000 615.5
100 50 0.005 0.1 0.1 0 0.0957543 0.1375339 0.118084116 50 550 270
100 50 0.005 0.1 0.1 1 0.094524 0.1343534 0.109682724 200 950 598.5
100 50 0.01 0.1 0.001 0 0.0959254 0.1335293 0.114967594 100 450 261.5
100 50 0.01 0.1 0.001 1 0.0943687 0.103219 0.095226406 250 900 595.5
100 50 0.01 0.1 0.005 0 0.0958078 0.1589823 0.112214891 100 600 276
100 50 0.01 0.1 0.005 1 0.0943063 0.1500718 0.104647624 200 1050 595
100 50 0.01 0.1 0.01 0 0.0956821 0.0974149 0.096418392 50 500 279.5
100 50 0.01 0.1 0.01 1 0.0942174 0.1292588 0.101181001 200 950 575
100 50 0.01 0.1 0.05 0 0.0962735 0.1372905 0.113865328 50 650 262
100 50 0.01 0.1 0.05 1 0.0946271 0.130939 0.117497058 200 900 559
100 50 0.01 0.1 0.1 0 0.0957685 0.1375809 0.119075374 50 800 292
100 50 0.01 0.1 0.1 1 0.0947737 0.1312995 0.110268784 100 950 590.5
100 50 0.05 0.1 0.001 0 0.0962183 0.1336307 0.113855566 50 550 254
100 50 0.05 0.1 0.001 1 0.0944975 0.1295915 0.102629832 200 800 499.5
100 50 0.05 0.1 0.005 0 0.0959348 0.1018753 0.099603906 100 1050 262
100 50 0.05 0.1 0.005 1 0.0943487 0.0999689 0.097245544 150 950 517
100 50 0.05 0.1 0.01 0 0.095895 0.102838 0.098021059 50 2000 303.5
100 50 0.05 0.1 0.01 1 0.0944359 0.1381317 0.111567651 200 900 514
100 50 0.05 0.1 0.05 0 0.0958647 0.1326702 0.111895624 0 750 274.5
100 50 0.05 0.1 0.05 1 0.0946296 0.1301864 0.102196338 100 900 501.5
100 50 0.05 0.1 0.1 0 0.0962209 0.134081 0.103926518 50 2000 275
100 50 0.05 0.1 0.1 1 0.094403 0.1007164 0.096426644 0 950 514.5
100 50 0.1 0.1 0.001 0 0.0962231 0.1022277 0.097639453 50 1450 285.5
100 50 0.1 0.1 0.001 1 0.0946266 0.1008284 0.095767966 150 700 473
100 50 0.1 0.1 0.005 0 0.096306 0.1021935 0.100342797 0 1050 266
100 50 0.1 0.1 0.005 1 0.0949097 0.1304117 0.104513551 200 800 456.5
100 50 0.1 0.1 0.01 0 0.096265 0.134057 0.103329151 50 1500 268.5
100 50 0.1 0.1 0.01 1 0.0972849 0.1308668 0.101683083 150 800 473.5
100 50 0.1 0.1 0.05 0 0.0962863 0.1348482 0.105478256 50 900 248
100 50 0.1 0.1 0.05 1 0.0948606 0.10084 0.09816504 150 850 470.5
100 50 0.1 0.1 0.1 0 0.0961743 0.1313675 0.103975575 50 2000 259
100 50 0.1 0.1 0.1 1 0.0948695 0.1313945 0.105613373 150 750 451
100 100 0.001 0.1 0.001 0 0.1047432 0.1114813 0.106976319 50 450 194
100 100 0.001 0.1 0.001 1 0.106532 0.147221 0.116523789 150 850 565.5
100 100 0.001 0.1 0.005 0 0.1047881 0.1069251 0.105522647 0 350 178
100 100 0.001 0.1 0.005 1 0.1059179 0.1430343 0.112753967 200 850 572
100 100 0.001 0.1 0.01 0 0.1048565 0.1089765 0.105780894 50 400 167.5
100 100 0.001 0.1 0.01 1 0.1061741 0.14705 0.115454683 250 850 585.5
100 100 0.001 0.1 0.05 0 0.104818 0.1450922 0.121242338 0 350 179.5
100 100 0.001 0.1 0.05 1 0.1066415 0.1486558 0.127078804 200 900 553
100 100 0.001 0.1 0.1 0 0.1047795 0.1448313 0.122256627 50 400 182.5
100 100 0.001 0.1 0.1 1 0.1062622 0.1457161 0.12320338 250 1000 553.5
100 100 0.005 0.1 0.001 0 0.1047958 0.1440367 0.121726848 0 700 180.5
100 100 0.005 0.1 0.001 1 0.1062844 0.1525094 0.130179874 150 850 531.5
100 100 0.005 0.1 0.005 0 0.1049775 0.1431558 0.120321992 0 350 165
100 100 0.005 0.1 0.005 1 0.1061959 0.1437361 0.121121371 200 850 543
100 100 0.005 0.1 0.01 0 0.1046414 0.1672052 0.126866683 50 450 179
100 100 0.005 0.1 0.01 1 0.1061955 0.1460518 0.116732335 200 900 522.5
100 100 0.005 0.1 0.05 0 0.1050656 0.1608567 0.130313974 0 350 158.5
100 100 0.005 0.1 0.05 1 0.1069494 0.1536102 0.130952638 150 750 498
100 100 0.005 0.1 0.1 0 0.1053363 0.1473151 0.129264009 50 300 167
100 100 0.005 0.1 0.1 1 0.1070563 0.1531872 0.134241193 200 750 494
100 100 0.01 0.1 0.001 0 0.1051892 0.1582352 0.125525774 0 1050 191.5
100 100 0.01 0.1 0.001 1 0.1063097 0.1449087 0.121484274 200 800 483.5
100 100 0.01 0.1 0.005 0 0.1050438 0.1553922 0.129877888 0 400 167
100 100 0.01 0.1 0.005 1 0.10624 0.1431092 0.109165073 150 750 473.5
100 100 0.01 0.1 0.01 0 0.1048552 0.1109168 0.108316921 50 350 174
100 100 0.01 0.1 0.01 1 0.1064735 0.1342153 0.108918072 150 800 500
100 100 0.01 0.1 0.05 0 0.1047457 0.1124289 0.107772944 50 350 172
100 100 0.01 0.1 0.05 1 0.1064829 0.1145899 0.108905931 100 800 497.5
100 100 0.01 0.1 0.1 0 0.1048899 0.1116951 0.10862034 50 350 173.5
100 100 0.01 0.1 0.1 1 0.1067527 0.1131474 0.110312726 200 800 485
100 100 0.05 0.1 0.001 0 0.105406 0.1126372 0.108881564 0 700 175
100 100 0.05 0.1 0.001 1 0.1070042 0.1125944 0.110284161 50 750 430
100 100 0.05 0.1 0.005 0 0.1052444 0.1112585 0.106989988 0 650 151
100 100 0.05 0.1 0.005 1 0.1068267 0.113271 0.108799868 100 800 445
100 100 0.05 0.1 0.01 0 0.1056096 0.1674978 0.13679541 0 2400 189.5
100 100 0.05 0.1 0.01 1 0.1069024 0.1493781 0.129132007 100 750 414.5
100 100 0.05 0.1 0.05 0 0.1054189 0.1515968 0.125960917 0 450 166
100 100 0.05 0.1 0.05 1 0.1073484 0.1501338 0.134231455 100 800 411.5
100 100 0.05 0.1 0.1 0 0.1055241 0.1447124 0.122525609 0 950 162.5
100 100 0.05 0.1 0.1 1 0.1071119 0.1566576 0.116464125 150 750 409.5
100 100 0.1 0.1 0.001 0 0.1057935 0.1451987 0.114085078 0 1500 190.5
100 100 0.1 0.1 0.001 1 0.1073972 0.1510481 0.124335313 0 700 374.5
100 100 0.1 0.1 0.005 0 0.1058521 0.1500619 0.13291544 0 1150 166
100 100 0.1 0.1 0.005 1 0.1075798 0.1534626 0.130092151 150 600 360
100 100 0.1 0.1 0.01 0 0.1057567 0.1474323 0.124026225 0 850 173.5
100 100 0.1 0.1 0.01 1 0.1076131 0.1531004 0.12621969 150 800 411.5
100 100 0.1 0.1 0.05 0 0.1057832 0.1469961 0.127705664 0 400 159
100 100 0.1 0.1 0.05 1 0.1080814 0.1518872 0.132520277 150 650 383.5
100 100 0.1 0.1 0.1 0 0.1062096 0.1527232 0.131656443 0 350 157
100 100 0.1 0.1 0.1 1 0.1080656 0.1494346 0.124110726 150 650 380
1000 10 0.001 0.1 0.001 0 0.8903841 1.2174181 1.046271127 50 600 308.5
1000 10 0.001 0.1 0.001 1 0.8506017 1.168776 1.012634281 250 950 635
1000 10 0.001 0.1 0.005 0 0.889817 1.5148876 1.054272652 50 650 293
1000 10 0.001 0.1 0.005 1 0.849574 1.2107651 1.016306443 300 900 604
